22337
4696
3141
19935
65205
15248
3330
41430
11218
10704
18460
29584
41746
4051
34881
16257
20267
24447
31466
33968
10340
1733
57032
31975
47336
47163
611
56157
29800
64843
44218
52137
4003
47360
6537
3672
62608
9867
45102
8290
20572
63563
37874
62318
2078
7219
13039
22346
31667
44505
56314
42007
46238
47810
8446
28038
29438
9057
18659
59238
8364
62878
45840
12368
44702
52377
16040
41774
62244
61143
50064
17280
59170
22403
14062
61248
29622
27102
18058
61289
6071
8837
37760
52310
56647
46206
14812
20549
55263
33472
14252
63628
30814
60092
10460
9980
46933
26500
51754
43641
22107
36282
60922
15741
58685
9448
11454
22772
36550
29512
18525
42622
38349
56286
29396
29461
36956
44208
50010
26684
12144
64262
24776
42958
58818
35236
52938
40215
61736
39156
18321
18308
9903
13707
34049
3052
23155
45503
25824
59706
9480
44350
36792
47829
35100
652
11754
6520
44860
61765
33204
57005
60491
57980
34427
53774
27680
21830
28453
23881
60986
46774
42189
5353
60481
10702
8406
18101
56206
34230
12271
150
13044
49063
47979
48144
49715
59734
54665
29039
55963
22333
20508
50918
14778
54936
39156
42458
11230
2074
803
6680
48848
42992
12034
43794
53695
20440
61895
44365
54670
8630
44515
2179
57693
26958
50323
41872
21156
39452
5375
11583
61786
25884
62502
11028
15284
36122
53486
26514
38196
54290
33194
21509
31746
45228
65303
19905
132
61662
64270
54803
4756
43249
56982
62449
4672
41769
38785
25828
15686
44160
37412
11936
4508
34378
22964
19792
4964
10914
46306
43161
65204
13965
64670
31415
59193
64437
51320
59326
60563
50055
48593
65319
27768
40039
62232
32440
16272
35481
58269
31958
14105
30145
43894
18614
64523
1322
38406
3951
12237
19177
47112
11905
33142
46246
43320
26799
45147
29105
20589
40174
13624
3646
39957
41392
43685
36653
8297
59958
6598
1030
26380
20704
31175
4739
39318
30162
6061
12188
34113
18298
31365
15690
30204
64507
61936
7988
25771
41548
37093
46360
16186
50717
50007
56144
26574
28156
27261
34871
22578
33860
35901
48959
54564
1540
53698
28346
31702
59759
40534
279
12522
6364
15969
42726
5335
12370
50714
31106
53918
22272
11931
4568
7453
61938
60712
34027
24558
22438
3362
47137
56298
39263
30560
45326
40803
18722
8136
6969
12945
48670
7249
25467
55034
23218
2657
60370
35588
53372
25940
23970
10108
37871
28539
17561
34273
23715
51589
58832
46153
54951
40433
36915
28679
5457
16705
3946
24179
24841
10916
37124
7976
18165
62592
63010
41383
65249
57844
11436
53085
18249
35406
63193
56120
63945
15219
24858
22125
1272
18154
2742
56223
58587
39658
19366
64044
56363
23313
22687
15669
34229
59811
23645
52394
56867
21119
28241
56581
13428
39677
44130
31677
9548
41788
22261
7957
57007
47119
30082
58279
65273
32825
48966
58324
6947
2797
56832
63310
26110
13983
13443
60339
8259
37088
47197
65126
58208
9902
56171
6100
49580
34766
37777
59128
11018
60038
1549
2489
41622
31632
60768
41359
64457
44198
34148
5868
46995
25444
3642
7569
39428
17086
2372
47687
54174
49569
47277
46846
59472
37913
52946
43516
7143
25187
37108
18161
19690
38657
20650
61312
4753
15882
37135
3674
60080
5747
9542
41540
31192
13185
49109
5084
30271
51482
52771
18909
35515
34512
220
29451
6889
53166
7431
14032
12818
44539
32193
32508
17661
52843
28284
22414
3189
65419
26089
63270
5631
35631
39274
36823
48816
22847
41907
13551
8793
29142
32461
44309
63654
32681
8224
5008
20311
15656
19040
33129
60195
51234
101
12320
38541
28385
34735
41731
28269
60824
39465
33900
30919
13203
5187
14200
36050
47094
27751
44844
10700
60212
23617
8818
27357
31841
13826
47669
47497
32867
15262
42157
18565
15364
54477
57106
43749
23676
33301
6482
18964
7230
40382
49884
20433
45569
64084
56484
27127
26299
35792
37827
20976
59409
46646
48333
25714
60472
30466
7676
27803
45729
49833
46368
61093
38774
37939
39306
62451
5704
45789
15879
12935
20635
227
33368
669
64311
24316
27796
25075
60108
88
46051
53981
46734
28848
14160
41670
59315
21836
3938
39508
6133
50306
35065
44907
22709
8835
41822
28414
54624
57702
41349
9724
57929
9181
10393
56705
33498
38189
16244
28070
38277
62295
16516
19475
25607
30676
61146
19386
52512
65084
58894
58645
49854
28423
38016
7028
37259
14303
35442
26347
6469
11255
36071
64398
20436
46464
55567
53934
19118
6275
16469
57395
3034
32985
11335
28642
63661
6945
48028
50637
6493
41387
43746
56347
4274
16226
63375
41533
30529
33281
2345
36998
44536
38416
35861
64973
19345
25892
53371
38463
32168
4304
30322
35202
37289
41657
63844
35414
48602
46337
20515
55095
22188
64261
45907
26462
14952
43746
2460
45481
11492
4805
16944
56028
43221
52805
55465
62566
13161
43301
35493
45329
47605
280
14996
19359
41937
13304
54773
25004
59641
9753
14563
16293
8478
60470
42756
23430
38681
45216
3376
50173
50021
20320
40665
27706
7589
30595
24737
20750
8360
60230
544
55965
60510
15540
9788
36912
28844
64562
61916
22950
8779
10943
39243
17257
5878
16463
40688
44559
61679
44064
29196
46164
64384
4325
8335
6437
34920
33072
27187
43280
27766
27731
33710
22741
43271
43498
59653
6580
42524
56033
29530
51303
1440
3237
3025
7318
19701
43713
51877
15844
22241
15537
62009
21089
19863
4808
27526
54783
37880
54713
32528
110
16909
702
22851
60180
44200
16968
1224
21189
7465
30754
6956
8906
33992
9981
16224
53693
53694
2566
4001
10399
18103
474
31488
37966
5282
59014
27214
43162
48192
59742
43273
65101
60444
588
59745
39108
17557
60970
60297
25022
26188
1718
33928
60180
11699
50153
48337
65394
52719
52339
10257
5286
52813
41746
43253
58096
35224
4931
35722
17880
64673
13459
17445
59581
14048
11655
33153
31605
7089
27915
56627
33277
29633
25020
27922
41332
9637
10723
41190
62356
63062
51448
2106
50340
27658
45359
42900
62882
50290
13086
15227
49427
26546
32672
43472
40594
44327
11090
6663
51416
39005
63290
19158
3102
22774
47080
44434
32411
57803
20089
29231
55330
6001
31338
40134
33659
11161
17498
31005
61452
30584
46232
45343
57130
13369
23280
32188
57696
34370
38851
43577
7839
36606
62735
10941
59380
